0.00000 0.00000
0.02041 0.00000
0.04082 0.00000
0.06122 0.00000
0.08163 0.00000
0.10204 0.00000
0.12245 0.00000
0.14286 0.00000
0.16327 0.00000
0.18367 0.00000
0.20408 0.00000
0.22449 0.00000
0.24490 0.00000
0.26531 0.00000
0.28571 0.00000
0.30612 0.00000
0.32653 0.00000
0.34694 0.00000
0.36735 0.00000
0.38776 0.00000
0.40816 0.00000
0.42857 0.00000
0.44898 0.00000
0.46939 0.00000
0.48980 0.00000
0.51020 0.00000
0.53061 0.00000
0.55102 0.00000
0.57143 0.00000
0.59184 0.00000
0.61224 0.00000
0.63265 0.00000
0.65306 0.00000
0.67347 0.00000
0.69388 0.00000
0.71429 0.00000
0.73469 0.00000
0.75510 0.00000
0.77551 0.00000
0.79592 0.00000
0.81633 0.00000
0.83673 0.00000
0.85714 0.00000
0.87755 0.00000
0.89796 0.00000
0.91837 0.00000
0.93878 0.00000
0.95918 0.00000
0.97959 0.00000
1.00000 0.00000
0.00000 0.02041
0.02041 0.02041
0.04082 0.02041
0.06122 0.02041
0.08163 0.02041
0.10204 0.02041
0.12245 0.02041
0.14286 0.02041
0.16327 0.02041
0.18367 0.02041
0.20408 0.02041
0.22449 0.02041
0.24490 0.02041
0.26531 0.02041
0.28571 0.02041
0.30612 0.02041
0.32653 0.02041
0.34694 0.02041
0.36735 0.02041
0.38776 0.02041
0.40816 0.02041
0.42857 0.02041
0.44898 0.02041
0.46939 0.02041
0.48980 0.02041
0.51020 0.02041
0.53061 0.02041
0.55102 0.02041
0.57143 0.02041
0.59184 0.02041
0.61224 0.02041
0.63265 0.02041
0.65306 0.02041
0.67347 0.02041
0.69388 0.02041
0.71429 0.02041
0.73469 0.02041
0.75510 0.02041
0.77551 0.02041
0.79592 0.02041
0.81633 0.02041
0.83673 0.02041
0.85714 0.02041
0.87755 0.02041
0.89796 0.02041
0.91837 0.02041
0.93878 0.02041
0.95918 0.02041
0.97959 0.02041
1.00000 0.02041
0.00000 0.04082
0.02041 0.04082
0.04082 0.04082
0.06122 0.04082
0.08163 0.04082
0.10204 0.04082
0.12245 0.04082
0.14286 0.04082
0.16327 0.04082
0.18367 0.04082
0.20408 0.04082
0.22449 0.04082
0.24490 0.04082
0.26531 0.04082
0.28571 0.04082
0.30612 0.04082
0.32653 0.04082
0.34694 0.04082
0.36735 0.04082
0.38776 0.04082
0.40816 0.04082
0.42857 0.04082
0.44898 0.04082
0.46939 0.04082
0.48980 0.04082
0.51020 0.04082
0.53061 0.04082
0.55102 0.04082
0.57143 0.04082
0.59184 0.04082
0.61224 0.04082
0.63265 0.04082
0.65306 0.04082
0.67347 0.04082
0.69388 0.04082
0.71429 0.04082
0.73469 0.04082
0.75510 0.04082
0.77551 0.04082
0.79592 0.04082
0.81633 0.04082
0.83673 0.04082
0.85714 0.04082
0.87755 0.04082
0.89796 0.04082
0.91837 0.04082
0.93878 0.04082
0.95918 0.04082
0.97959 0.04082
1.00000 0.04082
0.00000 0.06122
0.02041 0.06122
0.04082 0.06122
0.06122 0.06122
0.08163 0.06122
0.10204 0.06122
0.12245 0.06122
0.14286 0.06122
0.16327 0.06122
0.18367 0.06122
0.20408 0.06122
0.22449 0.06122
0.24490 0.06122
0.26531 0.06122
0.28571 0.06122
0.30612 0.06122
0.32653 0.06122
0.34694 0.06122
0.36735 0.06122
0.38776 0.06122
0.40816 0.06122
0.42857 0.06122
0.44898 0.06122
0.46939 0.06122
0.48980 0.06122
0.51020 0.06122
0.53061 0.06122
0.55102 0.06122
0.57143 0.06122
0.59184 0.06122
0.61224 0.06122
0.63265 0.06122
0.65306 0.06122
0.67347 0.06122
0.69388 0.06122
0.71429 0.06122
0.73469 0.06122
0.75510 0.06122
0.77551 0.06122
0.79592 0.06122
0.81633 0.06122
0.83673 0.06122
0.85714 0.06122
0.87755 0.06122
0.89796 0.06122
0.91837 0.06122
0.93878 0.06122
0.95918 0.06122
0.97959 0.06122
1.00000 0.06122
0.00000 0.08163
0.02041 0.08163
0.04082 0.08163
0.06122 0.08163
0.08163 0.08163
0.10204 0.08163
0.12245 0.08163
0.14286 0.08163
0.16327 0.08163
0.18367 0.08163
0.20408 0.08163
0.22449 0.08163
0.24490 0.08163
0.26531 0.08163
0.28571 0.08163
0.30612 0.08163
0.32653 0.08163
0.34694 0.08163
0.36735 0.08163
0.38776 0.08163
0.40816 0.08163
0.42857 0.08163
0.44898 0.08163
0.46939 0.08163
0.48980 0.08163
0.51020 0.08163
0.53061 0.08163
0.55102 0.08163
0.57143 0.08163
0.59184 0.08163
0.61224 0.08163
0.63265 0.08163
0.65306 0.08163
0.67347 0.08163
0.69388 0.08163
0.71429 0.08163
0.73469 0.08163
0.75510 0.08163
0.77551 0.08163
0.79592 0.08163
0.81633 0.08163
0.83673 0.08163
0.85714 0.08163
0.87755 0.08163
0.89796 0.08163
0.91837 0.08163
0.93878 0.08163
0.95918 0.08163
0.97959 0.08163
1.00000 0.08163
0.00000 0.10204
0.02041 0.10204
0.04082 0.10204
0.06122 0.10204
0.08163 0.10204
0.10204 0.10204
0.12245 0.10204
0.14286 0.10204
0.16327 0.10204
0.18367 0.10204
0.20408 0.10204
0.22449 0.10204
0.24490 0.10204
0.26531 0.10204
0.28571 0.10204
0.30612 0.10204
0.32653 0.10204
0.34694 0.10204
0.36735 0.10204
0.38776 0.10204
0.40816 0.10204
0.42857 0.10204
0.44898 0.10204
0.46939 0.10204
0.48980 0.10204
0.51020 0.10204
0.53061 0.10204
0.55102 0.10204
0.57143 0.10204
0.59184 0.10204
0.61224 0.10204
0.63265 0.10204
0.65306 0.10204
0.67347 0.10204
0.69388 0.10204
0.71429 0.10204
0.73469 0.10204
0.75510 0.10204
0.77551 0.10204
0.79592 0.10204
0.81633 0.10204
0.83673 0.10204
0.85714 0.10204
0.87755 0.10204
0.89796 0.10204
0.91837 0.10204
0.93878 0.10204
0.95918 0.10204
0.97959 0.10204
1.00000 0.10204
0.00000 0.12245
0.02041 0.12245
0.04082 0.12245
0.06122 0.12245
0.08163 0.12245
0.10204 0.12245
0.12245 0.12245
0.14286 0.12245
0.16327 0.12245
0.18367 0.12245
0.20408 0.12245
0.22449 0.12245
0.24490 0.12245
0.26531 0.12245
0.28571 0.12245
0.30612 0.12245
0.32653 0.12245
0.34694 0.12245
0.36735 0.12245
0.38776 0.12245
0.40816 0.12245
0.42857 0.12245
0.44898 0.12245
0.46939 0.12245
0.48980 0.12245
0.51020 0.12245
0.53061 0.12245
0.55102 0.12245
0.57143 0.12245
0.59184 0.12245
0.61224 0.12245
0.63265 0.12245
0.65306 0.12245
0.67347 0.12245
0.69388 0.12245
0.71429 0.12245
0.73469 0.12245
0.75510 0.12245
0.77551 0.12245
0.79592 0.12245
0.81633 0.12245
0.83673 0.12245
0.85714 0.12245
0.87755 0.12245
0.89796 0.12245
0.91837 0.12245
0.93878 0.12245
0.95918 0.12245
0.97959 0.12245
1.00000 0.12245
0.00000 0.14286
0.02041 0.14286
0.04082 0.14286
0.06122 0.14286
0.08163 0.14286
0.10204 0.14286
0.12245 0.14286
0.14286 0.14286
0.16327 0.14286
0.18367 0.14286
0.20408 0.14286
0.22449 0.14286
0.24490 0.14286
0.26531 0.14286
0.28571 0.14286
0.30612 0.14286
0.32653 0.14286
0.34694 0.14286
0.36735 0.14286
0.38776 0.14286
0.40816 0.14286
0.42857 0.14286
0.44898 0.14286
0.46939 0.14286
0.48980 0.14286
0.51020 0.14286
0.53061 0.14286
0.55102 0.14286
0.57143 0.14286
0.59184 0.14286
0.61224 0.14286
0.63265 0.14286
0.65306 0.14286
0.67347 0.14286
0.69388 0.14286
0.71429 0.14286
0.73469 0.14286
0.75510 0.14286
0.77551 0.14286
0.79592 0.14286
0.81633 0.14286
0.83673 0.14286
0.85714 0.14286
0.87755 0.14286
0.89796 0.14286
0.91837 0.14286
0.93878 0.14286
0.95918 0.14286
0.97959 0.14286
1.00000 0.14286
0.00000 0.16327
0.02041 0.16327
0.04082 0.16327
0.06122 0.16327
0.08163 0.16327
0.10204 0.16327
0.12245 0.16327
0.14286 0.16327
0.16327 0.16327
0.18367 0.16327
0.20408 0.16327
0.22449 0.16327
0.24490 0.16327
0.26531 0.16327
0.28571 0.16327
0.30612 0.16327
0.32653 0.16327
0.34694 0.16327
0.36735 0.16327
0.38776 0.16327
0.40816 0.16327
0.42857 0.16327
0.44898 0.16327
0.46939 0.16327
0.48980 0.16327
0.51020 0.16327
0.53061 0.16327
0.55102 0.16327
0.57143 0.16327
0.59184 0.16327
0.61224 0.16327
0.63265 0.16327
0.65306 0.16327
0.67347 0.16327
0.69388 0.16327
0.71429 0.16327
0.73469 0.16327
0.75510 0.16327
0.77551 0.16327
0.79592 0.16327
0.81633 0.16327
0.83673 0.16327
0.85714 0.16327
0.87755 0.16327
0.89796 0.16327
0.91837 0.16327
0.93878 0.16327
0.95918 0.16327
0.97959 0.16327
1.00000 0.16327
0.00000 0.18367
0.02041 0.18367
0.04082 0.18367
0.06122 0.18367
0.08163 0.18367
0.10204 0.18367
0.12245 0.18367
0.14286 0.18367
0.16327 0.18367
0.18367 0.18367
0.20408 0.18367
0.22449 0.18367
0.24490 0.18367
0.26531 0.18367
0.28571 0.18367
0.30612 0.18367
0.32653 0.18367
0.34694 0.18367
0.36735 0.18367
0.38776 0.18367
0.40816 0.18367
0.42857 0.18367
0.44898 0.18367
0.46939 0.18367
0.48980 0.18367
0.51020 0.18367
0.53061 0.18367
0.55102 0.18367
0.57143 0.18367
0.59184 0.18367
0.61224 0.18367
0.63265 0.18367
0.65306 0.18367
0.67347 0.18367
0.69388 0.18367
0.71429 0.18367
0.73469 0.18367
0.75510 0.18367
0.77551 0.18367
0.79592 0.18367
0.81633 0.18367
0.83673 0.18367
0.85714 0.18367
0.87755 0.18367
0.89796 0.18367
0.91837 0.18367
0.93878 0.18367
0.95918 0.18367
0.97959 0.18367
1.00000 0.18367
0.00000 0.20408
0.02041 0.20408
0.04082 0.20408
0.06122 0.20408
0.08163 0.20408
0.10204 0.20408
0.12245 0.20408
0.14286 0.20408
0.16327 0.20408
0.18367 0.20408
0.20408 0.20408
0.22449 0.20408
0.24490 0.20408
0.26531 0.20408
0.28571 0.20408
0.30612 0.20408
0.32653 0.20408
0.34694 0.20408
0.36735 0.20408
0.38776 0.20408
0.40816 0.20408
0.42857 0.20408
0.44898 0.20408
0.46939 0.20408
0.48980 0.20408
0.51020 0.20408
0.53061 0.20408
0.55102 0.20408
0.57143 0.20408
0.59184 0.20408
0.61224 0.20408
0.63265 0.20408
0.65306 0.20408
0.67347 0.20408
0.69388 0.20408
0.71429 0.20408
0.73469 0.20408
0.75510 0.20408
0.77551 0.20408
0.79592 0.20408
0.81633 0.20408
0.83673 0.20408
0.85714 0.20408
0.87755 0.20408
0.89796 0.20408
0.91837 0.20408
0.93878 0.20408
0.95918 0.20408
0.97959 0.20408
1.00000 0.20408
0.00000 0.22449
0.02041 0.22449
0.04082 0.22449
0.06122 0.22449
0.08163 0.22449
0.10204 0.22449
0.12245 0.22449
0.14286 0.22449
0.16327 0.22449
0.18367 0.22449
0.20408 0.22449
0.22449 0.22449
0.24490 0.22449
0.26531 0.22449
0.28571 0.22449
0.30612 0.22449
0.32653 0.22449
0.34694 0.22449
0.36735 0.22449
0.38776 0.22449
0.40816 0.22449
0.42857 0.22449
0.44898 0.22449
0.46939 0.22449
0.48980 0.22449
0.51020 0.22449
0.53061 0.22449
0.55102 0.22449
0.57143 0.22449
0.59184 0.22449
0.61224 0.22449
0.63265 0.22449
0.65306 0.22449
0.67347 0.22449
0.69388 0.22449
0.71429 0.22449
0.73469 0.22449
0.75510 0.22449
0.77551 0.22449
0.79592 0.22449
0.81633 0.22449
0.83673 0.22449
0.85714 0.22449
0.87755 0.22449
0.89796 0.22449
0.91837 0.22449
0.93878 0.22449
0.95918 0.22449
0.97959 0.22449
1.00000 0.22449
0.00000 0.24490
0.02041 0.24490
0.04082 0.24490
0.06122 0.24490
0.08163 0.24490
0.10204 0.24490
0.12245 0.24490
0.14286 0.24490
0.16327 0.24490
0.18367 0.24490
0.20408 0.24490
0.22449 0.24490
0.24490 0.24490
0.26531 0.24490
0.28571 0.24490
0.30612 0.24490
0.32653 0.24490
0.34694 0.24490
0.36735 0.24490
0.38776 0.24490
0.40816 0.24490
0.42857 0.24490
0.44898 0.24490
0.46939 0.24490
0.48980 0.24490
0.51020 0.24490
0.53061 0.24490
0.55102 0.24490
0.57143 0.24490
0.59184 0.24490
0.61224 0.24490
0.63265 0.24490
0.65306 0.24490
0.67347 0.24490
0.69388 0.24490
0.71429 0.24490
0.73469 0.24490
0.75510 0.24490
0.77551 0.24490
0.79592 0.24490
0.81633 0.24490
0.83673 0.24490
0.85714 0.24490
0.87755 0.24490
0.89796 0.24490
0.91837 0.24490
0.93878 0.24490
0.95918 0.24490
0.97959 0.24490
1.00000 0.24490
0.00000 0.26531
0.02041 0.26531
0.04082 0.26531
0.06122 0.26531
0.08163 0.26531
0.10204 0.26531
0.12245 0.26531
0.14286 0.26531
0.16327 0.26531
0.18367 0.26531
0.20408 0.26531
0.22449 0.26531
0.24490 0.26531
0.26531 0.26531
0.28571 0.26531
0.30612 0.26531
0.32653 0.26531
0.34694 0.26531
0.36735 0.26531
0.38776 0.26531
0.40816 0.26531
0.42857 0.26531
0.44898 0.26531
0.46939 0.26531
0.48980 0.26531
0.51020 0.26531
0.53061 0.26531
0.55102 0.26531
0.57143 0.26531
0.59184 0.26531
0.61224 0.26531
0.63265 0.26531
0.65306 0.26531
0.67347 0.26531
0.69388 0.26531
0.71429 0.26531
0.73469 0.26531
0.75510 0.26531
0.77551 0.26531
0.79592 0.26531
0.81633 0.26531
0.83673 0.26531
0.85714 0.26531
0.87755 0.26531
0.89796 0.26531
0.91837 0.26531
0.93878 0.26531
0.95918 0.26531
0.97959 0.26531
1.00000 0.26531
0.00000 0.28571
0.02041 0.28571
0.04082 0.28571
0.06122 0.28571
0.08163 0.28571
0.10204 0.28571
0.12245 0.28571
0.14286 0.28571
0.16327 0.28571
0.18367 0.28571
0.20408 0.28571
0.22449 0.28571
0.24490 0.28571
0.26531 0.28571
0.28571 0.28571
0.30612 0.28571
0.32653 0.28571
0.34694 0.28571
0.36735 0.28571
0.38776 0.28571
0.40816 0.28571
0.42857 0.28571
0.44898 0.28571
0.46939 0.28571
0.48980 0.28571
0.51020 0.28571
0.53061 0.28571
0.55102 0.28571
0.57143 0.28571
0.59184 0.28571
0.61224 0.28571
0.63265 0.28571
0.65306 0.28571
0.67347 0.28571
0.69388 0.28571
0.71429 0.28571
0.73469 0.28571
0.75510 0.28571
0.77551 0.28571
0.79592 0.28571
0.81633 0.28571
0.83673 0.28571
0.85714 0.28571
0.87755 0.28571
0.89796 0.28571
0.91837 0.28571
0.93878 0.28571
0.95918 0.28571
0.97959 0.28571
1.00000 0.28571
0.00000 0.30612
0.02041 0.30612
0.04082 0.30612
0.06122 0.30612
0.08163 0.30612
0.10204 0.30612
0.12245 0.30612
0.14286 0.30612
0.16327 0.30612
0.18367 0.30612
0.20408 0.30612
0.22449 0.30612
0.24490 0.30612
0.26531 0.30612
0.28571 0.30612
0.30612 0.30612
0.32653 0.30612
0.34694 0.30612
0.36735 0.30612
0.38776 0.30612
0.40816 0.30612
0.42857 0.30612
0.44898 0.30612
0.46939 0.30612
0.48980 0.30612
0.51020 0.30612
0.53061 0.30612
0.55102 0.30612
0.57143 0.30612
0.59184 0.30612
0.61224 0.30612
0.63265 0.30612
0.65306 0.30612
0.67347 0.30612
0.69388 0.30612
0.71429 0.30612
0.73469 0.30612
0.75510 0.30612
0.77551 0.30612
0.79592 0.30612
0.81633 0.30612
0.83673 0.30612
0.85714 0.30612
0.87755 0.30612
0.89796 0.30612
0.91837 0.30612
0.93878 0.30612
0.95918 0.30612
0.97959 0.30612
1.00000 0.30612
0.00000 0.32653
0.02041 0.32653
0.04082 0.32653
0.06122 0.32653
0.08163 0.32653
0.10204 0.32653
0.12245 0.32653
0.14286 0.32653
0.16327 0.32653
0.18367 0.32653
0.20408 0.32653
0.22449 0.32653
0.24490 0.32653
0.26531 0.32653
0.28571 0.32653
0.30612 0.32653
0.32653 0.32653
0.34694 0.32653
0.36735 0.32653
0.38776 0.32653
0.40816 0.32653
0.42857 0.32653
0.44898 0.32653
0.46939 0.32653
0.48980 0.32653
0.51020 0.32653
0.53061 0.32653
0.55102 0.32653
0.57143 0.32653
0.59184 0.32653
0.61224 0.32653
0.63265 0.32653
0.65306 0.32653
0.67347 0.32653
0.69388 0.32653
0.71429 0.32653
0.73469 0.32653
0.75510 0.32653
0.77551 0.32653
0.79592 0.32653
0.81633 0.32653
0.83673 0.32653
0.85714 0.32653
0.87755 0.32653
0.89796 0.32653
0.91837 0.32653
0.93878 0.32653
0.95918 0.32653
0.97959 0.32653
1.00000 0.32653
0.00000 0.34694
0.02041 0.34694
0.04082 0.34694
0.06122 0.34694
0.08163 0.34694
0.10204 0.34694
0.12245 0.34694
0.14286 0.34694
0.16327 0.34694
0.18367 0.34694
0.20408 0.34694
0.22449 0.34694
0.24490 0.34694
0.26531 0.34694
0.28571 0.34694
0.30612 0.34694
0.32653 0.34694
0.34694 0.34694
0.36735 0.34694
0.38776 0.34694
0.40816 0.34694
0.42857 0.34694
0.44898 0.34694
0.46939 0.34694
0.48980 0.34694
0.51020 0.34694
0.53061 0.34694
0.55102 0.34694
0.57143 0.34694
0.59184 0.34694
0.61224 0.34694
0.63265 0.34694
0.65306 0.34694
0.67347 0.34694
0.69388 0.34694
0.71429 0.34694
0.73469 0.34694
0.75510 0.34694
0.77551 0.34694
0.79592 0.34694
0.81633 0.34694
0.83673 0.34694
0.85714 0.34694
0.87755 0.34694
0.89796 0.34694
0.91837 0.34694
0.93878 0.34694
0.95918 0.34694
0.97959 0.34694
1.00000 0.34694
0.00000 0.36735
0.02041 0.36735
0.04082 0.36735
0.06122 0.36735
0.08163 0.36735
0.10204 0.36735
0.12245 0.36735
0.14286 0.36735
0.16327 0.36735
0.18367 0.36735
0.20408 0.36735
0.22449 0.36735
0.24490 0.36735
0.26531 0.36735
0.28571 0.36735
0.30612 0.36735
0.32653 0.36735
0.34694 0.36735
0.36735 0.36735
0.38776 0.36735
0.40816 0.36735
0.42857 0.36735
0.44898 0.36735
0.46939 0.36735
0.48980 0.36735
0.51020 0.36735
0.53061 0.36735
0.55102 0.36735
0.57143 0.36735
0.59184 0.36735
0.61224 0.36735
0.63265 0.36735
0.65306 0.36735
0.67347 0.36735
0.69388 0.36735
0.71429 0.36735
0.73469 0.36735
0.75510 0.36735
0.77551 0.36735
0.79592 0.36735
0.81633 0.36735
0.83673 0.36735
0.85714 0.36735
0.87755 0.36735
0.89796 0.36735
0.91837 0.36735
0.93878 0.36735
0.95918 0.36735
0.97959 0.36735
1.00000 0.36735
0.00000 0.38776
0.02041 0.38776
0.04082 0.38776
0.06122 0.38776
0.08163 0.38776
0.10204 0.38776
0.12245 0.38776
0.14286 0.38776
0.16327 0.38776
0.18367 0.38776
0.20408 0.38776
0.22449 0.38776
0.24490 0.38776
0.26531 0.38776
0.28571 0.38776
0.30612 0.38776
0.32653 0.38776
0.34694 0.38776
0.36735 0.38776
0.38776 0.38776
0.40816 0.38776
0.42857 0.38776
0.44898 0.38776
0.46939 0.38776
0.48980 0.38776
0.51020 0.38776
0.53061 0.38776
0.55102 0.38776
0.57143 0.38776
0.59184 0.38776
0.61224 0.38776
0.63265 0.38776
0.65306 0.38776
0.67347 0.38776
0.69388 0.38776
0.71429 0.38776
0.73469 0.38776
0.75510 0.38776
0.77551 0.38776
0.79592 0.38776
0.81633 0.38776
0.83673 0.38776
0.85714 0.38776
0.87755 0.38776
0.89796 0.38776
0.91837 0.38776
0.93878 0.38776
0.95918 0.38776
0.97959 0.38776
1.00000 0.38776
0.00000 0.40816
0.02041 0.40816
0.04082 0.40816
0.06122 0.40816
0.08163 0.40816
0.10204 0.40816
0.12245 0.40816
0.14286 0.40816
0.16327 0.40816
0.18367 0.40816
0.20408 0.40816
0.22449 0.40816
0.24490 0.40816
0.26531 0.40816
0.28571 0.40816
0.30612 0.40816
0.32653 0.40816
0.34694 0.40816
0.36735 0.40816
0.38776 0.40816
0.40816 0.40816
0.42857 0.40816
0.44898 0.40816
0.46939 0.40816
0.48980 0.40816
0.51020 0.40816
0.53061 0.40816
0.55102 0.40816
0.57143 0.40816
0.59184 0.40816
0.61224 0.40816
0.63265 0.40816
0.65306 0.40816
0.67347 0.40816
0.69388 0.40816
0.71429 0.40816
0.73469 0.40816
0.75510 0.40816
0.77551 0.40816
0.79592 0.40816
0.81633 0.40816
0.83673 0.40816
0.85714 0.40816
0.87755 0.40816
0.89796 0.40816
0.91837 0.40816
0.93878 0.40816
0.95918 0.40816
0.97959 0.40816
1.00000 0.40816
0.00000 0.42857
0.02041 0.42857
0.04082 0.42857
0.06122 0.42857
0.08163 0.42857
0.10204 0.42857
0.12245 0.42857
0.14286 0.42857
0.16327 0.42857
0.18367 0.42857
0.20408 0.42857
0.22449 0.42857
0.24490 0.42857
0.26531 0.42857
0.28571 0.42857
0.30612 0.42857
0.32653 0.42857
0.34694 0.42857
0.36735 0.42857
0.38776 0.42857
0.40816 0.42857
0.42857 0.42857
0.44898 0.42857
0.46939 0.42857
0.48980 0.42857
0.51020 0.42857
0.53061 0.42857
0.55102 0.42857
0.57143 0.42857
0.59184 0.42857
0.61224 0.42857
0.63265 0.42857
0.65306 0.42857
0.67347 0.42857
0.69388 0.42857
0.71429 0.42857
0.73469 0.42857
0.75510 0.42857
0.77551 0.42857
0.79592 0.42857
0.81633 0.42857
0.83673 0.42857
0.85714 0.42857
0.87755 0.42857
0.89796 0.42857
0.91837 0.42857
0.93878 0.42857
0.95918 0.42857
0.97959 0.42857
1.00000 0.42857
0.00000 0.44898
0.02041 0.44898
0.04082 0.44898
0.06122 0.44898
0.08163 0.44898
0.10204 0.44898
0.12245 0.44898
0.14286 0.44898
0.16327 0.44898
0.18367 0.44898
0.20408 0.44898
0.22449 0.44898
0.24490 0.44898
0.26531 0.44898
0.28571 0.44898
0.30612 0.44898
0.32653 0.44898
0.34694 0.44898
0.36735 0.44898
0.38776 0.44898
0.40816 0.44898
0.42857 0.44898
0.44898 0.44898
0.46939 0.44898
0.48980 0.44898
0.51020 0.44898
0.53061 0.44898
0.55102 0.44898
0.57143 0.44898
0.59184 0.44898
0.61224 0.44898
0.63265 0.44898
0.65306 0.44898
0.67347 0.44898
0.69388 0.44898
0.71429 0.44898
0.73469 0.44898
0.75510 0.44898
0.77551 0.44898
0.79592 0.44898
0.81633 0.44898
0.83673 0.44898
0.85714 0.44898
0.87755 0.44898
0.89796 0.44898
0.91837 0.44898
0.93878 0.44898
0.95918 0.44898
0.97959 0.44898
1.00000 0.44898
0.00000 0.46939
0.02041 0.46939
0.04082 0.46939
0.06122 0.46939
0.08163 0.46939
0.10204 0.46939
0.12245 0.46939
0.14286 0.46939
0.16327 0.46939
0.18367 0.46939
0.20408 0.46939
0.22449 0.46939
0.24490 0.46939
0.26531 0.46939
0.28571 0.46939
0.30612 0.46939
0.32653 0.46939
0.34694 0.46939
0.36735 0.46939
0.38776 0.46939
0.40816 0.46939
0.42857 0.46939
0.44898 0.46939
0.46939 0.46939
0.48980 0.46939
0.51020 0.46939
0.53061 0.46939
0.55102 0.46939
0.57143 0.46939
0.59184 0.46939
0.61224 0.46939
0.63265 0.46939
0.65306 0.46939
0.67347 0.46939
0.69388 0.46939
0.71429 0.46939
0.73469 0.46939
0.75510 0.46939
0.77551 0.46939
0.79592 0.46939
0.81633 0.46939
0.83673 0.46939
0.85714 0.46939
0.87755 0.46939
0.89796 0.46939
0.91837 0.46939
0.93878 0.46939
0.95918 0.46939
0.97959 0.46939
1.00000 0.46939
0.00000 0.48980
0.02041 0.48980
0.04082 0.48980
0.06122 0.48980
0.08163 0.48980
0.10204 0.48980
0.12245 0.48980
0.14286 0.48980
0.16327 0.48980
0.18367 0.48980
0.20408 0.48980
0.22449 0.48980
0.24490 0.48980
0.26531 0.48980
0.28571 0.48980
0.30612 0.48980
0.32653 0.48980
0.34694 0.48980
0.36735 0.48980
0.38776 0.48980
0.40816 0.48980
0.42857 0.48980
0.44898 0.48980
0.46939 0.48980
0.48980 0.48980
0.51020 0.48980
0.53061 0.48980
0.55102 0.48980
0.57143 0.48980
0.59184 0.48980
0.61224 0.48980
0.63265 0.48980
0.65306 0.48980
0.67347 0.48980
0.69388 0.48980
0.71429 0.48980
0.73469 0.48980
0.75510 0.48980
0.77551 0.48980
0.79592 0.48980
0.81633 0.48980
0.83673 0.48980
0.85714 0.48980
0.87755 0.48980
0.89796 0.48980
0.91837 0.48980
0.93878 0.48980
0.95918 0.48980
0.97959 0.48980
1.00000 0.48980
0.00000 0.51020
0.02041 0.51020
0.04082 0.51020
0.06122 0.51020
0.08163 0.51020
0.10204 0.51020
0.12245 0.51020
0.14286 0.51020
0.16327 0.51020
0.18367 0.51020
0.20408 0.51020
0.22449 0.51020
0.24490 0.51020
0.26531 0.51020
0.28571 0.51020
0.30612 0.51020
0.32653 0.51020
0.34694 0.51020
0.36735 0.51020
0.38776 0.51020
0.40816 0.51020
0.42857 0.51020
0.44898 0.51020
0.46939 0.51020
0.48980 0.51020
0.51020 0.51020
0.53061 0.51020
0.55102 0.51020
0.57143 0.51020
0.59184 0.51020
0.61224 0.51020
0.63265 0.51020
0.65306 0.51020
0.67347 0.51020
0.69388 0.51020
0.71429 0.51020
0.73469 0.51020
0.75510 0.51020
0.77551 0.51020
0.79592 0.51020
0.81633 0.51020
0.83673 0.51020
0.85714 0.51020
0.87755 0.51020
0.89796 0.51020
0.91837 0.51020
0.93878 0.51020
0.95918 0.51020
0.97959 0.51020
1.00000 0.51020
0.00000 0.53061
0.02041 0.53061
0.04082 0.53061
0.06122 0.53061
0.08163 0.53061
0.10204 0.53061
0.12245 0.53061
0.14286 0.53061
0.16327 0.53061
0.18367 0.53061
0.20408 0.53061
0.22449 0.53061
0.24490 0.53061
0.26531 0.53061
0.28571 0.53061
0.30612 0.53061
0.32653 0.53061
0.34694 0.53061
0.36735 0.53061
0.38776 0.53061
0.40816 0.53061
0.42857 0.53061
0.44898 0.53061
0.46939 0.53061
0.48980 0.53061
0.51020 0.53061
0.53061 0.53061
0.55102 0.53061
0.57143 0.53061
0.59184 0.53061
0.61224 0.53061
0.63265 0.53061
0.65306 0.53061
0.67347 0.53061
0.69388 0.53061
0.71429 0.53061
0.73469 0.53061
0.75510 0.53061
0.77551 0.53061
0.79592 0.53061
0.81633 0.53061
0.83673 0.53061
0.85714 0.53061
0.87755 0.53061
0.89796 0.53061
0.91837 0.53061
0.93878 0.53061
0.95918 0.53061
0.97959 0.53061
1.00000 0.53061
0.00000 0.55102
0.02041 0.55102
0.04082 0.55102
0.06122 0.55102
0.08163 0.55102
0.10204 0.55102
0.12245 0.55102
0.14286 0.55102
0.16327 0.55102
0.18367 0.55102
0.20408 0.55102
0.22449 0.55102
0.24490 0.55102
0.26531 0.55102
0.28571 0.55102
0.30612 0.55102
0.32653 0.55102
0.34694 0.55102
0.36735 0.55102
0.38776 0.55102
0.40816 0.55102
0.42857 0.55102
0.44898 0.55102
0.46939 0.55102
0.48980 0.55102
0.51020 0.55102
0.53061 0.55102
0.55102 0.55102
0.57143 0.55102
0.59184 0.55102
0.61224 0.55102
0.63265 0.55102
0.65306 0.55102
0.67347 0.55102
0.69388 0.55102
0.71429 0.55102
0.73469 0.55102
0.75510 0.55102
0.77551 0.55102
0.79592 0.55102
0.81633 0.55102
0.83673 0.55102
0.85714 0.55102
0.87755 0.55102
0.89796 0.55102
0.91837 0.55102
0.93878 0.55102
0.95918 0.55102
0.97959 0.55102
1.00000 0.55102
0.00000 0.57143
0.02041 0.57143
0.04082 0.57143
0.06122 0.57143
0.08163 0.57143
0.10204 0.57143
0.12245 0.57143
0.14286 0.57143
0.16327 0.57143
0.18367 0.57143
0.20408 0.57143
0.22449 0.57143
0.24490 0.57143
0.26531 0.57143
0.28571 0.57143
0.30612 0.57143
0.32653 0.57143
0.34694 0.57143
0.36735 0.57143
0.38776 0.57143
0.40816 0.57143
0.42857 0.57143
0.44898 0.57143
0.46939 0.57143
0.48980 0.57143
0.51020 0.57143
0.53061 0.57143
0.55102 0.57143
0.57143 0.57143
0.59184 0.57143
0.61224 0.57143
0.63265 0.57143
0.65306 0.57143
0.67347 0.57143
0.69388 0.57143
0.71429 0.57143
0.73469 0.57143
0.75510 0.57143
0.77551 0.57143
0.79592 0.57143
0.81633 0.57143
0.83673 0.57143
0.85714 0.57143
0.87755 0.57143
0.89796 0.57143
0.91837 0.57143
0.93878 0.57143
0.95918 0.57143
0.97959 0.57143
1.00000 0.57143
0.00000 0.59184
0.02041 0.59184
0.04082 0.59184
0.06122 0.59184
0.08163 0.59184
0.10204 0.59184
0.12245 0.59184
0.14286 0.59184
0.16327 0.59184
0.18367 0.59184
0.20408 0.59184
0.22449 0.59184
0.24490 0.59184
0.26531 0.59184
0.28571 0.59184
0.30612 0.59184
0.32653 0.59184
0.34694 0.59184
0.36735 0.59184
0.38776 0.59184
0.40816 0.59184
0.42857 0.59184
0.44898 0.59184
0.46939 0.59184
0.48980 0.59184
0.51020 0.59184
0.53061 0.59184
0.55102 0.59184
0.57143 0.59184
0.59184 0.59184
0.61224 0.59184
0.63265 0.59184
0.65306 0.59184
0.67347 0.59184
0.69388 0.59184
0.71429 0.59184
0.73469 0.59184
0.75510 0.59184
0.77551 0.59184
0.79592 0.59184
0.81633 0.59184
0.83673 0.59184
0.85714 0.59184
0.87755 0.59184
0.89796 0.59184
0.91837 0.59184
0.93878 0.59184
0.95918 0.59184
0.97959 0.59184
1.00000 0.59184
0.00000 0.61224
0.02041 0.61224
0.04082 0.61224
0.06122 0.61224
0.08163 0.61224
0.10204 0.61224
0.12245 0.61224
0.14286 0.61224
0.16327 0.61224
0.18367 0.61224
0.20408 0.61224
0.22449 0.61224
0.24490 0.61224
0.26531 0.61224
0.28571 0.61224
0.30612 0.61224
0.32653 0.61224
0.34694 0.61224
0.36735 0.61224
0.38776 0.61224
0.40816 0.61224
0.42857 0.61224
0.44898 0.61224
0.46939 0.61224
0.48980 0.61224
0.51020 0.61224
0.53061 0.61224
0.55102 0.61224
0.57143 0.61224
0.59184 0.61224
0.61224 0.61224
0.63265 0.61224
0.65306 0.61224
0.67347 0.61224
0.69388 0.61224
0.71429 0.61224
0.73469 0.61224
0.75510 0.61224
0.77551 0.61224
0.79592 0.61224
0.81633 0.61224
0.83673 0.61224
0.85714 0.61224
0.87755 0.61224
0.89796 0.61224
0.91837 0.61224
0.93878 0.61224
0.95918 0.61224
0.97959 0.61224
1.00000 0.61224
0.00000 0.63265
0.02041 0.63265
0.04082 0.63265
0.06122 0.63265
0.08163 0.63265
0.10204 0.63265
0.12245 0.63265
0.14286 0.63265
0.16327 0.63265
0.18367 0.63265
0.20408 0.63265
0.22449 0.63265
0.24490 0.63265
0.26531 0.63265
0.28571 0.63265
0.30612 0.63265
0.32653 0.63265
0.34694 0.63265
0.36735 0.63265
0.38776 0.63265
0.40816 0.63265
0.42857 0.63265
0.44898 0.63265
0.46939 0.63265
0.48980 0.63265
0.51020 0.63265
0.53061 0.63265
0.55102 0.63265
0.57143 0.63265
0.59184 0.63265
0.61224 0.63265
0.63265 0.63265
0.65306 0.63265
0.67347 0.63265
0.69388 0.63265
0.71429 0.63265
0.73469 0.63265
0.75510 0.63265
0.77551 0.63265
0.79592 0.63265
0.81633 0.63265
0.83673 0.63265
0.85714 0.63265
0.87755 0.63265
0.89796 0.63265
0.91837 0.63265
0.93878 0.63265
0.95918 0.63265
0.97959 0.63265
1.00000 0.63265
0.00000 0.65306
0.02041 0.65306
0.04082 0.65306
0.06122 0.65306
0.08163 0.65306
0.10204 0.65306
0.12245 0.65306
0.14286 0.65306
0.16327 0.65306
0.18367 0.65306
0.20408 0.65306
0.22449 0.65306
0.24490 0.65306
0.26531 0.65306
0.28571 0.65306
0.30612 0.65306
0.32653 0.65306
0.34694 0.65306
0.36735 0.65306
0.38776 0.65306
0.40816 0.65306
0.42857 0.65306
0.44898 0.65306
0.46939 0.65306
0.48980 0.65306
0.51020 0.65306
0.53061 0.65306
0.55102 0.65306
0.57143 0.65306
0.59184 0.65306
0.61224 0.65306
0.63265 0.65306
0.65306 0.65306
0.67347 0.65306
0.69388 0.65306
0.71429 0.65306
0.73469 0.65306
0.75510 0.65306
0.77551 0.65306
0.79592 0.65306
0.81633 0.65306
0.83673 0.65306
0.85714 0.65306
0.87755 0.65306
0.89796 0.65306
0.91837 0.65306
0.93878 0.65306
0.95918 0.65306
0.97959 0.65306
1.00000 0.65306
0.00000 0.67347
0.02041 0.67347
0.04082 0.67347
0.06122 0.67347
0.08163 0.67347
0.10204 0.67347
0.12245 0.67347
0.14286 0.67347
0.16327 0.67347
0.18367 0.67347
0.20408 0.67347
0.22449 0.67347
0.24490 0.67347
0.26531 0.67347
0.28571 0.67347
0.30612 0.67347
0.32653 0.67347
0.34694 0.67347
0.36735 0.67347
0.38776 0.67347
0.40816 0.67347
0.42857 0.67347
0.44898 0.67347
0.46939 0.67347
0.48980 0.67347
0.51020 0.67347
0.53061 0.67347
0.55102 0.67347
0.57143 0.67347
0.59184 0.67347
0.61224 0.67347
0.63265 0.67347
0.65306 0.67347
0.67347 0.67347
0.69388 0.67347
0.71429 0.67347
0.73469 0.67347
0.75510 0.67347
0.77551 0.67347
0.79592 0.67347
0.81633 0.67347
0.83673 0.67347
0.85714 0.67347
0.87755 0.67347
0.89796 0.67347
0.91837 0.67347
0.93878 0.67347
0.95918 0.67347
0.97959 0.67347
1.00000 0.67347
0.00000 0.69388
0.02041 0.69388
0.04082 0.69388
0.06122 0.69388
0.08163 0.69388
0.10204 0.69388
0.12245 0.69388
0.14286 0.69388
0.16327 0.69388
0.18367 0.69388
0.20408 0.69388
0.22449 0.69388
0.24490 0.69388
0.26531 0.69388
0.28571 0.69388
0.30612 0.69388
0.32653 0.69388
0.34694 0.69388
0.36735 0.69388
0.38776 0.69388
0.40816 0.69388
0.42857 0.69388
0.44898 0.69388
0.46939 0.69388
0.48980 0.69388
0.51020 0.69388
0.53061 0.69388
0.55102 0.69388
0.57143 0.69388
0.59184 0.69388
0.61224 0.69388
0.63265 0.69388
0.65306 0.69388
0.67347 0.69388
0.69388 0.69388
0.71429 0.69388
0.73469 0.69388
0.75510 0.69388
0.77551 0.69388
0.79592 0.69388
0.81633 0.69388
0.83673 0.69388
0.85714 0.69388
0.87755 0.69388
0.89796 0.69388
0.91837 0.69388
0.93878 0.69388
0.95918 0.69388
0.97959 0.69388
1.00000 0.69388
0.00000 0.71429
0.02041 0.71429
0.04082 0.71429
0.06122 0.71429
0.08163 0.71429
0.10204 0.71429
0.12245 0.71429
0.14286 0.71429
0.16327 0.71429
0.18367 0.71429
0.20408 0.71429
0.22449 0.71429
0.24490 0.71429
0.26531 0.71429
0.28571 0.71429
0.30612 0.71429
0.32653 0.71429
0.34694 0.71429
0.36735 0.71429
0.38776 0.71429
0.40816 0.71429
0.42857 0.71429
0.44898 0.71429
0.46939 0.71429
0.48980 0.71429
0.51020 0.71429
0.53061 0.71429
0.55102 0.71429
0.57143 0.71429
0.59184 0.71429
0.61224 0.71429
0.63265 0.71429
0.65306 0.71429
0.67347 0.71429
0.69388 0.71429
0.71429 0.71429
0.73469 0.71429
0.75510 0.71429
0.77551 0.71429
0.79592 0.71429
0.81633 0.71429
0.83673 0.71429
0.85714 0.71429
0.87755 0.71429
0.89796 0.71429
0.91837 0.71429
0.93878 0.71429
0.95918 0.71429
0.97959 0.71429
1.00000 0.71429
0.00000 0.73469
0.02041 0.73469
0.04082 0.73469
0.06122 0.73469
0.08163 0.73469
0.10204 0.73469
0.12245 0.73469
0.14286 0.73469
0.16327 0.73469
0.18367 0.73469
0.20408 0.73469
0.22449 0.73469
0.24490 0.73469
0.26531 0.73469
0.28571 0.73469
0.30612 0.73469
0.32653 0.73469
0.34694 0.73469
0.36735 0.73469
0.38776 0.73469
0.40816 0.73469
0.42857 0.73469
0.44898 0.73469
0.46939 0.73469
0.48980 0.73469
0.51020 0.73469
0.53061 0.73469
0.55102 0.73469
0.57143 0.73469
0.59184 0.73469
0.61224 0.73469
0.63265 0.73469
0.65306 0.73469
0.67347 0.73469
0.69388 0.73469
0.71429 0.73469
0.73469 0.73469
0.75510 0.73469
0.77551 0.73469
0.79592 0.73469
0.81633 0.73469
0.83673 0.73469
0.85714 0.73469
0.87755 0.73469
0.89796 0.73469
0.91837 0.73469
0.93878 0.73469
0.95918 0.73469
0.97959 0.73469
1.00000 0.73469
0.00000 0.75510
0.02041 0.75510
0.04082 0.75510
0.06122 0.75510
0.08163 0.75510
0.10204 0.75510
0.12245 0.75510
0.14286 0.75510
0.16327 0.75510
0.18367 0.75510
0.20408 0.75510
0.22449 0.75510
0.24490 0.75510
0.26531 0.75510
0.28571 0.75510
0.30612 0.75510
0.32653 0.75510
0.34694 0.75510
0.36735 0.75510
0.38776 0.75510
0.40816 0.75510
0.42857 0.75510
0.44898 0.75510
0.46939 0.75510
0.48980 0.75510
0.51020 0.75510
0.53061 0.75510
0.55102 0.75510
0.57143 0.75510
0.59184 0.75510
0.61224 0.75510
0.63265 0.75510
0.65306 0.75510
0.67347 0.75510
0.69388 0.75510
0.71429 0.75510
0.73469 0.75510
0.75510 0.75510
0.77551 0.75510
0.79592 0.75510
0.81633 0.75510
0.83673 0.75510
0.85714 0.75510
0.87755 0.75510
0.89796 0.75510
0.91837 0.75510
0.93878 0.75510
0.95918 0.75510
0.97959 0.75510
1.00000 0.75510
0.00000 0.77551
0.02041 0.77551
0.04082 0.77551
0.06122 0.77551
0.08163 0.77551
0.10204 0.77551
0.12245 0.77551
0.14286 0.77551
0.16327 0.77551
0.18367 0.77551
0.20408 0.77551
0.22449 0.77551
0.24490 0.77551
0.26531 0.77551
0.28571 0.77551
0.30612 0.77551
0.32653 0.77551
0.34694 0.77551
0.36735 0.77551
0.38776 0.77551
0.40816 0.77551
0.42857 0.77551
0.44898 0.77551
0.46939 0.77551
0.48980 0.77551
0.51020 0.77551
0.53061 0.77551
0.55102 0.77551
0.57143 0.77551
0.59184 0.77551
0.61224 0.77551
0.63265 0.77551
0.65306 0.77551
0.67347 0.77551
0.69388 0.77551
0.71429 0.77551
0.73469 0.77551
0.75510 0.77551
0.77551 0.77551
0.79592 0.77551
0.81633 0.77551
0.83673 0.77551
0.85714 0.77551
0.87755 0.77551
0.89796 0.77551
0.91837 0.77551
0.93878 0.77551
0.95918 0.77551
0.97959 0.77551
1.00000 0.77551
0.00000 0.79592
0.02041 0.79592
0.04082 0.79592
0.06122 0.79592
0.08163 0.79592
0.10204 0.79592
0.12245 0.79592
0.14286 0.79592
0.16327 0.79592
0.18367 0.79592
0.20408 0.79592
0.22449 0.79592
0.24490 0.79592
0.26531 0.79592
0.28571 0.79592
0.30612 0.79592
0.32653 0.79592
0.34694 0.79592
0.36735 0.79592
0.38776 0.79592
0.40816 0.79592
0.42857 0.79592
0.44898 0.79592
0.46939 0.79592
0.48980 0.79592
0.51020 0.79592
0.53061 0.79592
0.55102 0.79592
0.57143 0.79592
0.59184 0.79592
0.61224 0.79592
0.63265 0.79592
0.65306 0.79592
0.67347 0.79592
0.69388 0.79592
0.71429 0.79592
0.73469 0.79592
0.75510 0.79592
0.77551 0.79592
0.79592 0.79592
0.81633 0.79592
0.83673 0.79592
0.85714 0.79592
0.87755 0.79592
0.89796 0.79592
0.91837 0.79592
0.93878 0.79592
0.95918 0.79592
0.97959 0.79592
1.00000 0.79592
0.00000 0.81633
0.02041 0.81633
0.04082 0.81633
0.06122 0.81633
0.08163 0.81633
0.10204 0.81633
0.12245 0.81633
0.14286 0.81633
0.16327 0.81633
0.18367 0.81633
0.20408 0.81633
0.22449 0.81633
0.24490 0.81633
0.26531 0.81633
0.28571 0.81633
0.30612 0.81633
0.32653 0.81633
0.34694 0.81633
0.36735 0.81633
0.38776 0.81633
0.40816 0.81633
0.42857 0.81633
0.44898 0.81633
0.46939 0.81633
0.48980 0.81633
0.51020 0.81633
0.53061 0.81633
0.55102 0.81633
0.57143 0.81633
0.59184 0.81633
0.61224 0.81633
0.63265 0.81633
0.65306 0.81633
0.67347 0.81633
0.69388 0.81633
0.71429 0.81633
0.73469 0.81633
0.75510 0.81633
0.77551 0.81633
0.79592 0.81633
0.81633 0.81633
0.83673 0.81633
0.85714 0.81633
0.87755 0.81633
0.89796 0.81633
0.91837 0.81633
0.93878 0.81633
0.95918 0.81633
0.97959 0.81633
1.00000 0.81633
0.00000 0.83673
0.02041 0.83673
0.04082 0.83673
0.06122 0.83673
0.08163 0.83673
0.10204 0.83673
0.12245 0.83673
0.14286 0.83673
0.16327 0.83673
0.18367 0.83673
0.20408 0.83673
0.22449 0.83673
0.24490 0.83673
0.26531 0.83673
0.28571 0.83673
0.30612 0.83673
0.32653 0.83673
0.34694 0.83673
0.36735 0.83673
0.38776 0.83673
0.40816 0.83673
0.42857 0.83673
0.44898 0.83673
0.46939 0.83673
0.48980 0.83673
0.51020 0.83673
0.53061 0.83673
0.55102 0.83673
0.57143 0.83673
0.59184 0.83673
0.61224 0.83673
0.63265 0.83673
0.65306 0.83673
0.67347 0.83673
0.69388 0.83673
0.71429 0.83673
0.73469 0.83673
0.75510 0.83673
0.77551 0.83673
0.79592 0.83673
0.81633 0.83673
0.83673 0.83673
0.85714 0.83673
0.87755 0.83673
0.89796 0.83673
0.91837 0.83673
0.93878 0.83673
0.95918 0.83673
0.97959 0.83673
1.00000 0.83673
0.00000 0.85714
0.02041 0.85714
0.04082 0.85714
0.06122 0.85714
0.08163 0.85714
0.10204 0.85714
0.12245 0.85714
0.14286 0.85714
0.16327 0.85714
0.18367 0.85714
0.20408 0.85714
0.22449 0.85714
0.24490 0.85714
0.26531 0.85714
0.28571 0.85714
0.30612 0.85714
0.32653 0.85714
0.34694 0.85714
0.36735 0.85714
0.38776 0.85714
0.40816 0.85714
0.42857 0.85714
0.44898 0.85714
0.46939 0.85714
0.48980 0.85714
0.51020 0.85714
0.53061 0.85714
0.55102 0.85714
0.57143 0.85714
0.59184 0.85714
0.61224 0.85714
0.63265 0.85714
0.65306 0.85714
0.67347 0.85714
0.69388 0.85714
0.71429 0.85714
0.73469 0.85714
0.75510 0.85714
0.77551 0.85714
0.79592 0.85714
0.81633 0.85714
0.83673 0.85714
0.85714 0.85714
0.87755 0.85714
0.89796 0.85714
0.91837 0.85714
0.93878 0.85714
0.95918 0.85714
0.97959 0.85714
1.00000 0.85714
0.00000 0.87755
0.02041 0.87755
0.04082 0.87755
0.06122 0.87755
0.08163 0.87755
0.10204 0.87755
0.12245 0.87755
0.14286 0.87755
0.16327 0.87755
0.18367 0.87755
0.20408 0.87755
0.22449 0.87755
0.24490 0.87755
0.26531 0.87755
0.28571 0.87755
0.30612 0.87755
0.32653 0.87755
0.34694 0.87755
0.36735 0.87755
0.38776 0.87755
0.40816 0.87755
0.42857 0.87755
0.44898 0.87755
0.46939 0.87755
0.48980 0.87755
0.51020 0.87755
0.53061 0.87755
0.55102 0.87755
0.57143 0.87755
0.59184 0.87755
0.61224 0.87755
0.63265 0.87755
0.65306 0.87755
0.67347 0.87755
0.69388 0.87755
0.71429 0.87755
0.73469 0.87755
0.75510 0.87755
0.77551 0.87755
0.79592 0.87755
0.81633 0.87755
0.83673 0.87755
0.85714 0.87755
0.87755 0.87755
0.89796 0.87755
0.91837 0.87755
0.93878 0.87755
0.95918 0.87755
0.97959 0.87755
1.00000 0.87755
0.00000 0.89796
0.02041 0.89796
0.04082 0.89796
0.06122 0.89796
0.08163 0.89796
0.10204 0.89796
0.12245 0.89796
0.14286 0.89796
0.16327 0.89796
0.18367 0.89796
0.20408 0.89796
0.22449 0.89796
0.24490 0.89796
0.26531 0.89796
0.28571 0.89796
0.30612 0.89796
0.32653 0.89796
0.34694 0.89796
0.36735 0.89796
0.38776 0.89796
0.40816 0.89796
0.42857 0.89796
0.44898 0.89796
0.46939 0.89796
0.48980 0.89796
0.51020 0.89796
0.53061 0.89796
0.55102 0.89796
0.57143 0.89796
0.59184 0.89796
0.61224 0.89796
0.63265 0.89796
0.65306 0.89796
0.67347 0.89796
0.69388 0.89796
0.71429 0.89796
0.73469 0.89796
0.75510 0.89796
0.77551 0.89796
0.79592 0.89796
0.81633 0.89796
0.83673 0.89796
0.85714 0.89796
0.87755 0.89796
0.89796 0.89796
0.91837 0.89796
0.93878 0.89796
0.95918 0.89796
0.97959 0.89796
1.00000 0.89796
0.00000 0.91837
0.02041 0.91837
0.04082 0.91837
0.06122 0.91837
0.08163 0.91837
0.10204 0.91837
0.12245 0.91837
0.14286 0.91837
0.16327 0.91837
0.18367 0.91837
0.20408 0.91837
0.22449 0.91837
0.24490 0.91837
0.26531 0.91837
0.28571 0.91837
0.30612 0.91837
0.32653 0.91837
0.34694 0.91837
0.36735 0.91837
0.38776 0.91837
0.40816 0.91837
0.42857 0.91837
0.44898 0.91837
0.46939 0.91837
0.48980 0.91837
0.51020 0.91837
0.53061 0.91837
0.55102 0.91837
0.57143 0.91837
0.59184 0.91837
0.61224 0.91837
0.63265 0.91837
0.65306 0.91837
0.67347 0.91837
0.69388 0.91837
0.71429 0.91837
0.73469 0.91837
0.75510 0.91837
0.77551 0.91837
0.79592 0.91837
0.81633 0.91837
0.83673 0.91837
0.85714 0.91837
0.87755 0.91837
0.89796 0.91837
0.91837 0.91837
0.93878 0.91837
0.95918 0.91837
0.97959 0.91837
1.00000 0.91837
0.00000 0.93878
0.02041 0.93878
0.04082 0.93878
0.06122 0.93878
0.08163 0.93878
0.10204 0.93878
0.12245 0.93878
0.14286 0.93878
0.16327 0.93878
0.18367 0.93878
0.20408 0.93878
0.22449 0.93878
0.24490 0.93878
0.26531 0.93878
0.28571 0.93878
0.30612 0.93878
0.32653 0.93878
0.34694 0.93878
0.36735 0.93878
0.38776 0.93878
0.40816 0.93878
0.42857 0.93878
0.44898 0.93878
0.46939 0.93878
0.48980 0.93878
0.51020 0.93878
0.53061 0.93878
0.55102 0.93878
0.57143 0.93878
0.59184 0.93878
0.61224 0.93878
0.63265 0.93878
0.65306 0.93878
0.67347 0.93878
0.69388 0.93878
0.71429 0.93878
0.73469 0.93878
0.75510 0.93878
0.77551 0.93878
0.79592 0.93878
0.81633 0.93878
0.83673 0.93878
0.85714 0.93878
0.87755 0.93878
0.89796 0.93878
0.91837 0.93878
0.93878 0.93878
0.95918 0.93878
0.97959 0.93878
1.00000 0.93878
0.00000 0.95918
0.02041 0.95918
0.04082 0.95918
0.06122 0.95918
0.08163 0.95918
0.10204 0.95918
0.12245 0.95918
0.14286 0.95918
0.16327 0.95918
0.18367 0.95918
0.20408 0.95918
0.22449 0.95918
0.24490 0.95918
0.26531 0.95918
0.28571 0.95918
0.30612 0.95918
0.32653 0.95918
0.34694 0.95918
0.36735 0.95918
0.38776 0.95918
0.40816 0.95918
0.42857 0.95918
0.44898 0.95918
0.46939 0.95918
0.48980 0.95918
0.51020 0.95918
0.53061 0.95918
0.55102 0.95918
0.57143 0.95918
0.59184 0.95918
0.61224 0.95918
0.63265 0.95918
0.65306 0.95918
0.67347 0.95918
0.69388 0.95918
0.71429 0.95918
0.73469 0.95918
0.75510 0.95918
0.77551 0.95918
0.79592 0.95918
0.81633 0.95918
0.83673 0.95918
0.85714 0.95918
0.87755 0.95918
0.89796 0.95918
0.91837 0.95918
0.93878 0.95918
0.95918 0.95918
0.97959 0.95918
1.00000 0.95918
0.00000 0.97959
0.02041 0.97959
0.04082 0.97959
0.06122 0.97959
0.08163 0.97959
0.10204 0.97959
0.12245 0.97959
0.14286 0.97959
0.16327 0.97959
0.18367 0.97959
0.20408 0.97959
0.22449 0.97959
0.24490 0.97959
0.26531 0.97959
0.28571 0.97959
0.30612 0.97959
0.32653 0.97959
0.34694 0.97959
0.36735 0.97959
0.38776 0.97959
0.40816 0.97959
0.42857 0.97959
0.44898 0.97959
0.46939 0.97959
0.48980 0.97959
0.51020 0.97959
0.53061 0.97959
0.55102 0.97959
0.57143 0.97959
0.59184 0.97959
0.61224 0.97959
0.63265 0.97959
0.65306 0.97959
0.67347 0.97959
0.69388 0.97959
0.71429 0.97959
0.73469 0.97959
0.75510 0.97959
0.77551 0.97959
0.79592 0.97959
0.81633 0.97959
0.83673 0.97959
0.85714 0.97959
0.87755 0.97959
0.89796 0.97959
0.91837 0.97959
0.93878 0.97959
0.95918 0.97959
0.97959 0.97959
1.00000 0.97959
0.00000 1.00000
0.02041 1.00000
0.04082 1.00000
0.06122 1.00000
0.08163 1.00000
0.10204 1.00000
0.12245 1.00000
0.14286 1.00000
0.16327 1.00000
0.18367 1.00000
0.20408 1.00000
0.22449 1.00000
0.24490 1.00000
0.26531 1.00000
0.28571 1.00000
0.30612 1.00000
0.32653 1.00000
0.34694 1.00000
0.36735 1.00000
0.38776 1.00000
0.40816 1.00000
0.42857 1.00000
0.44898 1.00000
0.46939 1.00000
0.48980 1.00000
0.51020 1.00000
0.53061 1.00000
0.55102 1.00000
0.57143 1.00000
0.59184 1.00000
0.61224 1.00000
0.63265 1.00000
0.65306 1.00000
0.67347 1.00000
0.69388 1.00000
0.71429 1.00000
0.73469 1.00000
0.75510 1.00000
0.77551 1.00000
0.79592 1.00000
0.81633 1.00000
0.83673 1.00000
0.85714 1.00000
0.87755 1.00000
0.89796 1.00000
0.91837 1.00000
0.93878 1.00000
0.95918 1.00000
0.97959 1.00000
1.00000 1.00000
