0.50000
0.56397
0.62689
0.68773
0.74548
0.79921
0.84802
0.89112
0.92779
0.95744
0.97958
0.99384
1.00000
0.99795
0.98771
0.96948
0.94353
0.91030
0.87033
0.82428
0.77291
0.71705
0.65764
0.59563
0.53205
0.46795
0.40437
0.34236
0.28295
0.22709
0.17572
0.12967
0.08970
0.05647
0.03052
0.01229
0.00205
0.00000
0.00616
0.02042
0.04256
0.07221
0.10888
0.15198
0.20079
0.25452
0.31227
0.37311
0.43603
0.50000
0.50000
0.56345
0.62585
0.68619
0.74347
0.79675
0.84516
0.88791
0.92428
0.95369
0.97564
0.98979
0.99590
0.99386
0.98371
0.96562
0.93989
0.90693
0.86729
0.82162
0.77067
0.71527
0.65634
0.59484
0.53179
0.46821
0.40516
0.34366
0.28473
0.22933
0.17838
0.13271
0.09307
0.06011
0.03438
0.01629
0.00614
0.00410
0.01021
0.02436
0.04631
0.07572
0.11209
0.15484
0.20325
0.25653
0.31381
0.37415
0.43655
0.50000
0.50000
0.56188
0.62274
0.68159
0.73746
0.78942
0.83664
0.87833
0.91380
0.94248
0.96390
0.97769
0.98365
0.98166
0.97176
0.95412
0.92902
0.89688
0.85822
0.81368
0.76398
0.70995
0.65248
0.59250
0.53100
0.46900
0.40750
0.34752
0.29005
0.23602
0.18632
0.14178
0.10312
0.07098
0.04588
0.02824
0.01834
0.01635
0.02231
0.03610
0.05752
0.08620
0.12167
0.16336
0.21058
0.26254
0.31841
0.37726
0.43812
0.50000
0.50000
0.55930
0.61762
0.67401
0.72754
0.77734
0.82259
0.86253
0.89653
0.92401
0.94453
0.95775
0.96346
0.96155
0.95207
0.93516
0.91111
0.88031
0.84326
0.80058
0.75296
0.70119
0.64611
0.58864
0.52971
0.47029
0.41136
0.35389
0.29881
0.24704
0.19942
0.15674
0.11969
0.08889
0.06484
0.04793
0.03845
0.03654
0.04225
0.05547
0.07599
0.10347
0.13747
0.17741
0.22266
0.27246
0.32599
0.38238
0.44070
0.50000
0.50000
0.55574
0.61056
0.66357
0.71390
0.76071
0.80324
0.84079
0.87274
0.89858
0.91787
0.93030
0.93566
0.93387
0.92495
0.90906
0.88645
0.85750
0.82267
0.78255
0.73779
0.68912
0.63735
0.58332
0.52793
0.47207
0.41668
0.36265
0.31088
0.26221
0.21745
0.17733
0.14250
0.11355
0.09094
0.07505
0.06613
0.06434
0.06970
0.08213
0.10142
0.12726
0.15921
0.19676
0.23929
0.28610
0.33643
0.38944
0.44426
0.50000
0.50000
0.55127
0.60169
0.65045
0.69673
0.73979
0.77891
0.81345
0.84284
0.86660
0.88434
0.89577
0.90071
0.89906
0.89086
0.87624
0.85545
0.82882
0.79679
0.75988
0.71871
0.67395
0.62633
0.57664
0.52569
0.47431
0.42336
0.37367
0.32605
0.28129
0.24012
0.20321
0.17118
0.14455
0.12376
0.10914
0.10094
0.09929
0.10423
0.11566
0.13340
0.15716
0.18655
0.22109
0.26021
0.30327
0.34955
0.39831
0.44873
0.50000
0.50000
0.54595
0.59115
0.63486
0.67634
0.71494
0.75000
0.78096
0.80730
0.82860
0.84451
0.85475
0.85917
0.85770
0.85035
0.83725
0.81861
0.79474
0.76603
0.73295
0.69604
0.65592
0.61324
0.56869
0.52302
0.47698
0.43131
0.38676
0.34408
0.30396
0.26705
0.23397
0.20526
0.18139
0.16275
0.14965
0.14230
0.14083
0.14525
0.15549
0.17140
0.19270
0.21904
0.25000
0.28506
0.32366
0.36514
0.40885
0.45405
0.50000
0.50000
0.53989
0.57912
0.61705
0.65306
0.68655
0.71699
0.74386
0.76672
0.78521
0.79901
0.80791
0.81174
0.81046
0.80409
0.79271
0.77653
0.75582
0.73090
0.70219
0.67016
0.63533
0.59828
0.55962
0.51998
0.48002
0.44038
0.40172
0.36467
0.32984
0.29781
0.26910
0.24418
0.22347
0.20729
0.19591
0.18954
0.18826
0.19209
0.20099
0.21479
0.23328
0.25614
0.28301
0.31345
0.34694
0.38295
0.42088
0.46011
0.50000
0.50000
0.53316
0.56578
0.59732
0.62726
0.65511
0.68041
0.70275
0.72176
0.73713
0.74861
0.75601
0.75920
0.75813
0.75283
0.74337
0.72992
0.71269
0.69198
0.66810
0.64147
0.61252
0.58172
0.54957
0.51662
0.48338
0.45043
0.41828
0.38748
0.35853
0.33190
0.30802
0.28731
0.27008
0.25663
0.24717
0.24187
0.24080
0.24399
0.25139
0.26287
0.27824
0.29725
0.31959
0.34489
0.37274
0.40268
0.43422
0.46684
0.50000
0.50000
0.52589
0.55136
0.57599
0.59937
0.62111
0.64087
0.65832
0.67316
0.68516
0.69413
0.69990
0.70239
0.70156
0.69742
0.69004
0.67953
0.66608
0.64990
0.63126
0.61047
0.58786
0.56381
0.53871
0.51297
0.48703
0.46129
0.43619
0.41214
0.38953
0.36874
0.35010
0.33392
0.32047
0.30996
0.30258
0.29844
0.29761
0.30010
0.30587
0.31484
0.32684
0.34168
0.35913
0.37889
0.40063
0.42401
0.44864
0.47411
0.50000
0.50000
0.51820
0.53610
0.55341
0.56985
0.58513
0.59902
0.61128
0.62172
0.63015
0.63645
0.64051
0.64226
0.64168
0.63877
0.63358
0.62620
0.61674
0.60537
0.59227
0.57765
0.56176
0.54485
0.52721
0.50912
0.49088
0.47279
0.45515
0.43824
0.42235
0.40773
0.39463
0.38326
0.37380
0.36642
0.36123
0.35832
0.35774
0.35949
0.36355
0.36985
0.37828
0.38872
0.40098
0.41487
0.43015
0.44659
0.46390
0.48180
0.50000
0.50000
0.51021
0.52025
0.52996
0.53918
0.54775
0.55554
0.56242
0.56828
0.57301
0.57654
0.57882
0.57980
0.57947
0.57784
0.57493
0.57079
0.56548
0.55910
0.55176
0.54356
0.53464
0.52516
0.51526
0.50512
0.49488
0.48474
0.47484
0.46536
0.45644
0.44824
0.44090
0.43452
0.42921
0.42507
0.42216
0.42053
0.42020
0.42118
0.42346
0.42699
0.43172
0.43758
0.44446
0.45225
0.46082
0.47004
0.47975
0.48979
0.50000
0.50000
0.50205
0.50407
0.50602
0.50787
0.50959
0.51115
0.51254
0.51371
0.51466
0.51537
0.51583
0.51603
0.51596
0.51563
0.51505
0.51422
0.51315
0.51187
0.51039
0.50875
0.50696
0.50505
0.50307
0.50103
0.49897
0.49693
0.49495
0.49304
0.49125
0.48961
0.48813
0.48685
0.48578
0.48495
0.48437
0.48404
0.48397
0.48417
0.48463
0.48534
0.48629
0.48746
0.48885
0.49041
0.49213
0.49398
0.49593
0.49795
0.50000
0.50000
0.49386
0.48782
0.48197
0.47643
0.47127
0.46658
0.46244
0.45892
0.45608
0.45395
0.45258
0.45199
0.45219
0.45317
0.45492
0.45741
0.46060
0.46444
0.46886
0.47379
0.47916
0.48486
0.49082
0.49692
0.50308
0.50918
0.51514
0.52084
0.52621
0.53114
0.53556
0.53940
0.54259
0.54508
0.54683
0.54781
0.54801
0.54742
0.54605
0.54392
0.54108
0.53756
0.53342
0.52873
0.52357
0.51803
0.51218
0.50614
0.50000
0.50000
0.48577
0.47176
0.45823
0.44537
0.43342
0.42256
0.41297
0.40481
0.39821
0.39328
0.39011
0.38874
0.38920
0.39147
0.39553
0.40131
0.40870
0.41759
0.42784
0.43927
0.45170
0.46492
0.47872
0.49287
0.50713
0.52128
0.53508
0.54830
0.56073
0.57216
0.58241
0.59130
0.59869
0.60447
0.60853
0.61080
0.61126
0.60989
0.60672
0.60179
0.59519
0.58703
0.57744
0.56658
0.55463
0.54177
0.52824
0.51423
0.50000
0.50000
0.47791
0.45618
0.43516
0.41522
0.39666
0.37981
0.36492
0.35226
0.34202
0.33437
0.32944
0.32732
0.32803
0.33156
0.33786
0.34682
0.35830
0.37210
0.38800
0.40575
0.42504
0.44556
0.46697
0.48893
0.51107
0.53303
0.55444
0.57496
0.59425
0.61200
0.62790
0.64170
0.65318
0.66214
0.66844
0.67197
0.67268
0.67056
0.66563
0.65798
0.64774
0.63508
0.62019
0.60334
0.58478
0.56484
0.54382
0.52209
0.50000
0.50000
0.47041
0.44131
0.41317
0.38645
0.36160
0.33903
0.31909
0.30213
0.28842
0.27818
0.27158
0.26873
0.26968
0.27441
0.28285
0.29485
0.31022
0.32871
0.35001
0.37377
0.39960
0.42709
0.45577
0.48517
0.51483
0.54423
0.57291
0.60040
0.62623
0.64999
0.67129
0.68978
0.70515
0.71715
0.72559
0.73032
0.73127
0.72842
0.72182
0.71158
0.69787
0.68091
0.66097
0.63840
0.61355
0.58683
0.55869
0.52959
0.50000
0.50000
0.46340
0.42740
0.39260
0.35955
0.32882
0.30089
0.27624
0.25525
0.23829
0.22562
0.21746
0.21394
0.21512
0.22097
0.23141
0.24625
0.26526
0.28813
0.31447
0.34386
0.37582
0.40981
0.44529
0.48166
0.51834
0.55471
0.59019
0.62418
0.65614
0.68553
0.71187
0.73474
0.75375
0.76859
0.77903
0.78488
0.78606
0.78254
0.77438
0.76171
0.74475
0.72376
0.69911
0.67118
0.64045
0.60740
0.57260
0.53660
0.50000
0.50000
0.45699
0.41469
0.37379
0.33496
0.29884
0.26603
0.23705
0.21240
0.19246
0.17758
0.16799
0.16385
0.16523
0.17211
0.18437
0.20182
0.22416
0.25103
0.28199
0.31652
0.35407
0.39402
0.43571
0.47845
0.52155
0.56429
0.60598
0.64593
0.68348
0.71801
0.74897
0.77584
0.79818
0.81563
0.82789
0.83477
0.83615
0.83201
0.82242
0.80754
0.78760
0.76295
0.73397
0.70116
0.66504
0.62621
0.58531
0.54301
0.50000
0.50000
0.45129
0.40338
0.35705
0.31308
0.27217
0.23500
0.20219
0.17426
0.15168
0.13483
0.12396
0.11928
0.12084
0.12863
0.14252
0.16228
0.18758
0.21801
0.25308
0.29220
0.33473
0.37997
0.42718
0.47559
0.52441
0.57282
0.62003
0.66527
0.70780
0.74692
0.78199
0.81242
0.83772
0.85748
0.87137
0.87916
0.88072
0.87604
0.86517
0.84832
0.82574
0.79781
0.76500
0.72783
0.68692
0.64295
0.59662
0.54871
0.50000
0.50000
0.44639
0.39365
0.34267
0.29426
0.24924
0.20833
0.17221
0.14147
0.11662
0.09807
0.08611
0.08096
0.08268
0.09125
0.10654
0.12828
0.15614
0.18963
0.22822
0.27128
0.31809
0.36789
0.41985
0.47314
0.52686
0.58015
0.63211
0.68191
0.72872
0.77178
0.81037
0.84386
0.87172
0.89346
0.90875
0.91732
0.91904
0.91389
0.90193
0.88338
0.85853
0.82779
0.79167
0.75076
0.70574
0.65733
0.60635
0.55361
0.50000
0.50000
0.44236
0.38567
0.33086
0.27883
0.23042
0.18644
0.14762
0.11457
0.08786
0.06791
0.05506
0.04952
0.05137
0.06058
0.07702
0.10040
0.13034
0.16634
0.20783
0.25412
0.30444
0.35798
0.41384
0.47112
0.52888
0.58616
0.64202
0.69556
0.74588
0.79217
0.83366
0.86966
0.89960
0.92298
0.93942
0.94863
0.95048
0.94494
0.93209
0.91214
0.88543
0.85238
0.81356
0.76958
0.72117
0.66914
0.61433
0.55764
0.50000
0.50000
0.43929
0.37957
0.32183
0.26702
0.21603
0.16971
0.12881
0.09400
0.06586
0.04485
0.03131
0.02547
0.02742
0.03713
0.05444
0.07907
0.11061
0.14854
0.19224
0.24100
0.29400
0.35040
0.40924
0.46958
0.53042
0.59076
0.64960
0.70600
0.75900
0.80776
0.85146
0.88939
0.92093
0.94556
0.96287
0.97258
0.97453
0.96869
0.95515
0.93414
0.90600
0.87119
0.83029
0.78397
0.73298
0.67817
0.62043
0.56071
0.50000
0.50000
0.43721
0.37545
0.31573
0.25904
0.20631
0.15840
0.11610
0.08010
0.05099
0.02926
0.01526
0.00922
0.01124
0.02128
0.03918
0.06465
0.09727
0.13650
0.18170
0.23212
0.28695
0.34527
0.40614
0.46854
0.53146
0.59386
0.65473
0.71305
0.76788
0.81830
0.86350
0.90273
0.93535
0.96082
0.97872
0.98876
0.99078
0.98474
0.97074
0.94901
0.91990
0.88390
0.84160
0.79369
0.74096
0.68427
0.62455
0.56279
0.50000
0.50000
0.43616
0.37337
0.31266
0.25502
0.20141
0.15269
0.10969
0.07309
0.04350
0.02141
0.00717
0.00103
0.00308
0.01329
0.03149
0.05738
0.09055
0.13043
0.17639
0.22765
0.28339
0.34269
0.40457
0.46801
0.53199
0.59543
0.65731
0.71661
0.77235
0.82361
0.86957
0.90945
0.94262
0.96851
0.98671
0.99692
0.99897
0.99283
0.97859
0.95650
0.92691
0.89031
0.84731
0.79859
0.74498
0.68734
0.62663
0.56384
0.50000
0.50000
0.43616
0.37337
0.31266
0.25502
0.20141
0.15269
0.10969
0.07309
0.04350
0.02141
0.00717
0.00103
0.00308
0.01329
0.03149
0.05738
0.09055
0.13043
0.17639
0.22765
0.28339
0.34269
0.40457
0.46801
0.53199
0.59543
0.65731
0.71661
0.77235
0.82361
0.86957
0.90945
0.94262
0.96851
0.98671
0.99692
0.99897
0.99283
0.97859
0.95650
0.92691
0.89031
0.84731
0.79859
0.74498
0.68734
0.62663
0.56384
0.50000
0.50000
0.43721
0.37545
0.31573
0.25904
0.20631
0.15840
0.11610
0.08010
0.05099
0.02926
0.01526
0.00922
0.01124
0.02128
0.03918
0.06465
0.09727
0.13650
0.18170
0.23212
0.28695
0.34527
0.40614
0.46854
0.53146
0.59386
0.65473
0.71305
0.76788
0.81830
0.86350
0.90273
0.93535
0.96082
0.97872
0.98876
0.99078
0.98474
0.97074
0.94901
0.91990
0.88390
0.84160
0.79369
0.74096
0.68427
0.62455
0.56279
0.50000
0.50000
0.43929
0.37957
0.32183
0.26702
0.21603
0.16971
0.12881
0.09400
0.06586
0.04485
0.03131
0.02547
0.02742
0.03713
0.05444
0.07907
0.11061
0.14854
0.19224
0.24100
0.29400
0.35040
0.40924
0.46958
0.53042
0.59076
0.64960
0.70600
0.75900
0.80776
0.85146
0.88939
0.92093
0.94556
0.96287
0.97258
0.97453
0.96869
0.95515
0.93414
0.90600
0.87119
0.83029
0.78397
0.73298
0.67817
0.62043
0.56071
0.50000
0.50000
0.44236
0.38567
0.33086
0.27883
0.23042
0.18644
0.14762
0.11457
0.08786
0.06791
0.05506
0.04952
0.05137
0.06058
0.07702
0.10040
0.13034
0.16634
0.20783
0.25412
0.30444
0.35798
0.41384
0.47112
0.52888
0.58616
0.64202
0.69556
0.74588
0.79217
0.83366
0.86966
0.89960
0.92298
0.93942
0.94863
0.95048
0.94494
0.93209
0.91214
0.88543
0.85238
0.81356
0.76958
0.72117
0.66914
0.61433
0.55764
0.50000
0.50000
0.44639
0.39365
0.34267
0.29426
0.24924
0.20833
0.17221
0.14147
0.11662
0.09807
0.08611
0.08096
0.08268
0.09125
0.10654
0.12828
0.15614
0.18963
0.22822
0.27128
0.31809
0.36789
0.41985
0.47314
0.52686
0.58015
0.63211
0.68191
0.72872
0.77178
0.81037
0.84386
0.87172
0.89346
0.90875
0.91732
0.91904
0.91389
0.90193
0.88338
0.85853
0.82779
0.79167
0.75076
0.70574
0.65733
0.60635
0.55361
0.50000
0.50000
0.45129
0.40338
0.35705
0.31308
0.27217
0.23500
0.20219
0.17426
0.15168
0.13483
0.12396
0.11928
0.12084
0.12863
0.14252
0.16228
0.18758
0.21801
0.25308
0.29220
0.33473
0.37997
0.42718
0.47559
0.52441
0.57282
0.62003
0.66527
0.70780
0.74692
0.78199
0.81242
0.83772
0.85748
0.87137
0.87916
0.88072
0.87604
0.86517
0.84832
0.82574
0.79781
0.76500
0.72783
0.68692
0.64295
0.59662
0.54871
0.50000
0.50000
0.45699
0.41469
0.37379
0.33496
0.29884
0.26603
0.23705
0.21240
0.19246
0.17758
0.16799
0.16385
0.16523
0.17211
0.18437
0.20182
0.22416
0.25103
0.28199
0.31652
0.35407
0.39402
0.43571
0.47845
0.52155
0.56429
0.60598
0.64593
0.68348
0.71801
0.74897
0.77584
0.79818
0.81563
0.82789
0.83477
0.83615
0.83201
0.82242
0.80754
0.78760
0.76295
0.73397
0.70116
0.66504
0.62621
0.58531
0.54301
0.50000
0.50000
0.46340
0.42740
0.39260
0.35955
0.32882
0.30089
0.27624
0.25525
0.23829
0.22562
0.21746
0.21394
0.21512
0.22097
0.23141
0.24625
0.26526
0.28813
0.31447
0.34386
0.37582
0.40981
0.44529
0.48166
0.51834
0.55471
0.59019
0.62418
0.65614
0.68553
0.71187
0.73474
0.75375
0.76859
0.77903
0.78488
0.78606
0.78254
0.77438
0.76171
0.74475
0.72376
0.69911
0.67118
0.64045
0.60740
0.57260
0.53660
0.50000
0.50000
0.47041
0.44131
0.41317
0.38645
0.36160
0.33903
0.31909
0.30213
0.28842
0.27818
0.27158
0.26873
0.26968
0.27441
0.28285
0.29485
0.31022
0.32871
0.35001
0.37377
0.39960
0.42709
0.45577
0.48517
0.51483
0.54423
0.57291
0.60040
0.62623
0.64999
0.67129
0.68978
0.70515
0.71715
0.72559
0.73032
0.73127
0.72842
0.72182
0.71158
0.69787
0.68091
0.66097
0.63840
0.61355
0.58683
0.55869
0.52959
0.50000
0.50000
0.47791
0.45618
0.43516
0.41522
0.39666
0.37981
0.36492
0.35226
0.34202
0.33437
0.32944
0.32732
0.32803
0.33156
0.33786
0.34682
0.35830
0.37210
0.38800
0.40575
0.42504
0.44556
0.46697
0.48893
0.51107
0.53303
0.55444
0.57496
0.59425
0.61200
0.62790
0.64170
0.65318
0.66214
0.66844
0.67197
0.67268
0.67056
0.66563
0.65798
0.64774
0.63508
0.62019
0.60334
0.58478
0.56484
0.54382
0.52209
0.50000
0.50000
0.48577
0.47176
0.45823
0.44537
0.43342
0.42256
0.41297
0.40481
0.39821
0.39328
0.39011
0.38874
0.38920
0.39147
0.39553
0.40131
0.40870
0.41759
0.42784
0.43927
0.45170
0.46492
0.47872
0.49287
0.50713
0.52128
0.53508
0.54830
0.56073
0.57216
0.58241
0.59130
0.59869
0.60447
0.60853
0.61080
0.61126
0.60989
0.60672
0.60179
0.59519
0.58703
0.57744
0.56658
0.55463
0.54177
0.52824
0.51423
0.50000
0.50000
0.49386
0.48782
0.48197
0.47643
0.47127
0.46658
0.46244
0.45892
0.45608
0.45395
0.45258
0.45199
0.45219
0.45317
0.45492
0.45741
0.46060
0.46444
0.46886
0.47379
0.47916
0.48486
0.49082
0.49692
0.50308
0.50918
0.51514
0.52084
0.52621
0.53114
0.53556
0.53940
0.54259
0.54508
0.54683
0.54781
0.54801
0.54742
0.54605
0.54392
0.54108
0.53756
0.53342
0.52873
0.52357
0.51803
0.51218
0.50614
0.50000
0.50000
0.50205
0.50407
0.50602
0.50787
0.50959
0.51115
0.51254
0.51371
0.51466
0.51537
0.51583
0.51603
0.51596
0.51563
0.51505
0.51422
0.51315
0.51187
0.51039
0.50875
0.50696
0.50505
0.50307
0.50103
0.49897
0.49693
0.49495
0.49304
0.49125
0.48961
0.48813
0.48685
0.48578
0.48495
0.48437
0.48404
0.48397
0.48417
0.48463
0.48534
0.48629
0.48746
0.48885
0.49041
0.49213
0.49398
0.49593
0.49795
0.50000
0.50000
0.51021
0.52025
0.52996
0.53918
0.54775
0.55554
0.56242
0.56828
0.57301
0.57654
0.57882
0.57980
0.57947
0.57784
0.57493
0.57079
0.56548
0.55910
0.55176
0.54356
0.53464
0.52516
0.51526
0.50512
0.49488
0.48474
0.47484
0.46536
0.45644
0.44824
0.44090
0.43452
0.42921
0.42507
0.42216
0.42053
0.42020
0.42118
0.42346
0.42699
0.43172
0.43758
0.44446
0.45225
0.46082
0.47004
0.47975
0.48979
0.50000
0.50000
0.51820
0.53610
0.55341
0.56985
0.58513
0.59902
0.61128
0.62172
0.63015
0.63645
0.64051
0.64226
0.64168
0.63877
0.63358
0.62620
0.61674
0.60537
0.59227
0.57765
0.56176
0.54485
0.52721
0.50912
0.49088
0.47279
0.45515
0.43824
0.42235
0.40773
0.39463
0.38326
0.37380
0.36642
0.36123
0.35832
0.35774
0.35949
0.36355
0.36985
0.37828
0.38872
0.40098
0.41487
0.43015
0.44659
0.46390
0.48180
0.50000
0.50000
0.52589
0.55136
0.57599
0.59937
0.62111
0.64087
0.65832
0.67316
0.68516
0.69413
0.69990
0.70239
0.70156
0.69742
0.69004
0.67953
0.66608
0.64990
0.63126
0.61047
0.58786
0.56381
0.53871
0.51297
0.48703
0.46129
0.43619
0.41214
0.38953
0.36874
0.35010
0.33392
0.32047
0.30996
0.30258
0.29844
0.29761
0.30010
0.30587
0.31484
0.32684
0.34168
0.35913
0.37889
0.40063
0.42401
0.44864
0.47411
0.50000
0.50000
0.53316
0.56578
0.59732
0.62726
0.65511
0.68041
0.70275
0.72176
0.73713
0.74861
0.75601
0.75920
0.75813
0.75283
0.74337
0.72992
0.71269
0.69198
0.66810
0.64147
0.61252
0.58172
0.54957
0.51662
0.48338
0.45043
0.41828
0.38748
0.35853
0.33190
0.30802
0.28731
0.27008
0.25663
0.24717
0.24187
0.24080
0.24399
0.25139
0.26287
0.27824
0.29725
0.31959
0.34489
0.37274
0.40268
0.43422
0.46684
0.50000
0.50000
0.53989
0.57912
0.61705
0.65306
0.68655
0.71699
0.74386
0.76672
0.78521
0.79901
0.80791
0.81174
0.81046
0.80409
0.79271
0.77653
0.75582
0.73090
0.70219
0.67016
0.63533
0.59828
0.55962
0.51998
0.48002
0.44038
0.40172
0.36467
0.32984
0.29781
0.26910
0.24418
0.22347
0.20729
0.19591
0.18954
0.18826
0.19209
0.20099
0.21479
0.23328
0.25614
0.28301
0.31345
0.34694
0.38295
0.42088
0.46011
0.50000
0.50000
0.54595
0.59115
0.63486
0.67634
0.71494
0.75000
0.78096
0.80730
0.82860
0.84451
0.85475
0.85917
0.85770
0.85035
0.83725
0.81861
0.79474
0.76603
0.73295
0.69604
0.65592
0.61324
0.56869
0.52302
0.47698
0.43131
0.38676
0.34408
0.30396
0.26705
0.23397
0.20526
0.18139
0.16275
0.14965
0.14230
0.14083
0.14525
0.15549
0.17140
0.19270
0.21904
0.25000
0.28506
0.32366
0.36514
0.40885
0.45405
0.50000
0.50000
0.55127
0.60169
0.65045
0.69673
0.73979
0.77891
0.81345
0.84284
0.86660
0.88434
0.89577
0.90071
0.89906
0.89086
0.87624
0.85545
0.82882
0.79679
0.75988
0.71871
0.67395
0.62633
0.57664
0.52569
0.47431
0.42336
0.37367
0.32605
0.28129
0.24012
0.20321
0.17118
0.14455
0.12376
0.10914
0.10094
0.09929
0.10423
0.11566
0.13340
0.15716
0.18655
0.22109
0.26021
0.30327
0.34955
0.39831
0.44873
0.50000
0.50000
0.55574
0.61056
0.66357
0.71390
0.76071
0.80324
0.84079
0.87274
0.89858
0.91787
0.93030
0.93566
0.93387
0.92495
0.90906
0.88645
0.85750
0.82267
0.78255
0.73779
0.68912
0.63735
0.58332
0.52793
0.47207
0.41668
0.36265
0.31088
0.26221
0.21745
0.17733
0.14250
0.11355
0.09094
0.07505
0.06613
0.06434
0.06970
0.08213
0.10142
0.12726
0.15921
0.19676
0.23929
0.28610
0.33643
0.38944
0.44426
0.50000
0.50000
0.55930
0.61762
0.67401
0.72754
0.77734
0.82259
0.86253
0.89653
0.92401
0.94453
0.95775
0.96346
0.96155
0.95207
0.93516
0.91111
0.88031
0.84326
0.80058
0.75296
0.70119
0.64611
0.58864
0.52971
0.47029
0.41136
0.35389
0.29881
0.24704
0.19942
0.15674
0.11969
0.08889
0.06484
0.04793
0.03845
0.03654
0.04225
0.05547
0.07599
0.10347
0.13747
0.17741
0.22266
0.27246
0.32599
0.38238
0.44070
0.50000
0.50000
0.56188
0.62274
0.68159
0.73746
0.78942
0.83664
0.87833
0.91380
0.94248
0.96390
0.97769
0.98365
0.98166
0.97176
0.95412
0.92902
0.89688
0.85822
0.81368
0.76398
0.70995
0.65248
0.59250
0.53100
0.46900
0.40750
0.34752
0.29005
0.23602
0.18632
0.14178
0.10312
0.07098
0.04588
0.02824
0.01834
0.01635
0.02231
0.03610
0.05752
0.08620
0.12167
0.16336
0.21058
0.26254
0.31841
0.37726
0.43812
0.50000
0.50000
0.56345
0.62585
0.68619
0.74347
0.79675
0.84516
0.88791
0.92428
0.95369
0.97564
0.98979
0.99590
0.99386
0.98371
0.96562
0.93989
0.90693
0.86729
0.82162
0.77067
0.71527
0.65634
0.59484
0.53179
0.46821
0.40516
0.34366
0.28473
0.22933
0.17838
0.13271
0.09307
0.06011
0.03438
0.01629
0.00614
0.00410
0.01021
0.02436
0.04631
0.07572
0.11209
0.15484
0.20325
0.25653
0.31381
0.37415
0.43655
0.50000
0.50000
0.56397
0.62689
0.68773
0.74548
0.79921
0.84802
0.89112
0.92779
0.95744
0.97958
0.99384
1.00000
0.99795
0.98771
0.96948
0.94353
0.91030
0.87033
0.82428
0.77291
0.71705
0.65764
0.59563
0.53205
0.46795
0.40437
0.34236
0.28295
0.22709
0.17572
0.12967
0.08970
0.05647
0.03052
0.01229
0.00205
0.00000
0.00616
0.02042
0.04256
0.07221
0.10888
0.15198
0.20079
0.25452
0.31227
0.37311
0.43603
0.50000
